A	R	N	D	C	Q	E	G	H	I	L	K	M	F	P	S	T	W	Y	V
A      6
R     -2      8
N     -2     -1      8
D     -3     -2      2      9
C     -1     -5     -4     -5     13
Q     -1      1      0      0     -4      8
E     -1      0      0      2     -5      3      7
G      0     -3     -1     -2     -4     -3     -3      8
H     -2      0      1     -2     -4      1      0     -3     11
I     -2     -4     -5     -5     -2     -4     -5     -6     -5      6
L     -2     -3     -5     -5     -2     -3     -4     -5     -4      2      6
K     -1      3      0     -1     -5      2      1     -2     -1     -4     -4      7
M     -1     -2     -3     -5     -2     -1     -3     -4     -2      2      3     -2      8
F     -3     -4     -4     -5     -4     -5     -5     -5     -2      0      1     -5      0      9
P     -1     -3     -3     -2     -4     -2     -2     -3     -3     -4     -4     -2     -4     -5     11
S      2     -1      1      0     -1      0      0      0     -1     -4     -4      0     -2     -4     -1      6
T      0     -2      0     -2     -1     -1     -1     -2     -3     -1     -2     -1     -1     -3     -2      2      7
W     -4     -4     -6     -6     -3     -3     -4     -4     -4     -4     -2     -4     -2      1     -5     -4     -4     16
Y     -3     -3     -3     -5     -4     -2     -3     -5      3     -2     -2     -3     -1      4     -4     -3     -2      3     10
V      0     -4     -4     -5     -1     -3     -4     -5     -5      4      1     -3      1     -1     -4     -2      0     -4     -2      6
